Control


0 320 2679
0 895 2105
0 1582 1407
0 2999 0
205 1477 1318
0 2977 0
13 895 2092
0 775 2225
158 0 2842
1856 1144 0
846 2154 0
0 814 2182
0 910 2088
746 2254 0
0 884 2090
0 670 2327
22 683 2295
0 0 2994
0 769 2222
22 0 2978
0 940 2051
336 1045 1619
450 910 1640
24 0 2976
0 944 2030
1030 1970 0
0 0 2973
0 711 2284
0 80 2919
1075 1925 0
0 1045 1948
596 1000 1404
925 760 1315
1884 1116 0
0 0 2978
1150 1850 0
0 2468 509
0 895 2087
0 2983 0
6 2180 814
0 895 2099
0 1212 1775
492 940 1568
26 0 2974
2 0 2998
142 2858 0
1000 2000 0
0 805 2185
0 2996 0
47 399 2554
5 895 2100
0 697 2290
8 940 2052
376 849 1775
3 805 2192
461 895 1644
0 877 2121
0 159 2839
0 11 2983
66 1441 1493
0 163 2836
20 925 2055
0 72 2923
0 630 2352
0 2196 786
0 1000 1993
122 0 2878
218 2782 0
384 2616 0
0 146 2846
0 835 2163
9 841 2150
106 0 2894
362 940 1698
29 873 2098
0 0 2971
15 0 2985
0 0 2991
0 805 2179
0 2981 0
0 910 2083
114 743 2143
1661 1339 0
0 389 2584
348 2652 0
172 2828 0
76 910 2014
0 0 2977
780 835 1385
19 0 2981
14 940 2046
0 850 2141
0 338 2657
0 910 2088
13 1045 1942
0 1138 1855
0 0 2990
10 1875 1115
0 895 2093
1948 1052 0