Half the Max Raise value


4 940 2056
82 934 1984
19 94 2886
0 1030 1962
107 663 2230
39 0 2961
0 2396 599
172 50 2778
25 2576 399
83 242 2675
75 805 2120
6 0 2994
0 274 2722
0 1022 1974
1 1962 1037
8 925 2067
20 760 2220
43 761 2196
448 31 2521
254 233 2513
280 563 2157
16 329 2655
4 431 2565
0 895 2104
627 2134 239
505 925 1570
37 0 2963
188 985 1827
195 639 2166
163 910 1927
0 0 2996
5 540 2455
73 1661 1266
72 1420 1508
305 549 2146
21 207 2772
120 1105 1775
331 691 1978
2253 747 0
210 985 1805
912 2088 0
0 737 2236
208 269 2523
131 1092 1777
630 895 1475
137 880 1983
99 59 2842
16 784 2200
28 417 2555
683 621 1696
4 835 2161
300 2692 0
51 560 2389
4 2727 269
44 0 2956
123 722 2155
3 0 2997
19 0 2974
96 940 1964
8 834 2158
264 2040 696
0 865 2118
641 794 1565
30 2477 493
24 1060 1916
36 933 2031
0 2016 963
20 455 2525
379 222 2399
398 2445 157
45 450 2505
27 437 2536
60 835 2105
9 567 2424
139 402 2459
0 1075 1920
46 2395 559
1278 1722 0
78 547 2375
602 1468 930
32 186 2782
37 940 2023
447 2553 0
0 1247 1741
9 827 2164
21 746 2233
91 1105 1804
97 112 2791
20 940 2040
24 851 2125
78 7 2915
94 216 2690
352 2648 0
461 1060 1479
9 232 2759
260 2419 321
99 2547 354
4 369 2627
92 0 2908
412 668 1920
