Raise the max round count to 10


1934 1066 0
0 0 2986
0 2974 0
33 2967 0
0 346 2646
491 2509 0
0 0 2988
0 700 2289
0 730 2266
184 2816 0
0 331 2649
1 2999 0
0 2979 0
0 406 2585
0 0 2997
0 360 2639
0 97 2882
0 0 2969
693 2307 0
88 429 2483
1113 1887 0
2282 718 0
0 164 2823
0 835 2158
506 2494 0
0 715 2279
0 0 2991
0 2996 0
133 2867 0
0 443 2547
0 0 2999
0 0 3000
0 2984 0
607 2393 0
0 0 2993
0 1184 1810
0 0 2979
0 0 2984
0 3000 0
0 715 2279
0 0 2980
0 2972 0
0 2982 0
0 715 2275
0 0 2997
0 0 2990
0 0 2986
0 0 2985
7 2993 0
0 2999 0
0 571 2419
0 2993 0
0 1255 1740
0 1300 1677
456 2544 0
1684 1316 0
0 1052 1939
0 0 2995
124 2876 0
0 1029 1963
0 545 2445
0 0 2997
868 2132 0
0 670 2325
0 0 2989
0 1045 1947
0 0 2987
0 0 3000
54 2946 0
0 0 2995
0 790 2207
0 2999 0
0 2611 388
0 1020 1953
0 2985 0
0 2996 0
0 910 2086
0 0 3000
0 0 2984
12 505 2483
0 741 2251
0 895 2089
1594 1406 0
0 745 2242
0 1285 1706
3000 0 0
1050 1950 0
0 0 2983
0 411 2584
0 485 2511
0 2993 0
0 0 2987
0 1225 1761
0 2978 14
0 2978 0
0 3000 0
0 2996 0
0 955 2020
0 760 2231
0 0 2999
