Lower simulation count to 500


42 0 2958
27 2973 0
0 1899 1075
22 2978 0
0 230 2769
0 925 2050
0 933 2060
76 2924 0
0 846 2129
184 470 2346
465 715 1820
22 0 2977
88 2912 0
0 356 2640
0 0 2981
0 3000 0
0 374 2619
0 1476 1520
10 0 2990
0 2375 604
704 0 2296
322 786 1892
0 2997 0
4 2996 0
1174 1826 0
0 1000 1984
487 2513 0
1874 1126 0
0 895 2094
0 1246 1750
1090 1910 0
985 2015 0
0 606 2376
16 0 2984
12 1105 1883
0 2998 0
1925 0 1075
12 133 2855
0 0 3000
621 895 1484
722 0 2278
159 2841 0
0 775 2199
1412 1588 0
53 2947 0
407 2593 0
572 2156 272
39 0 2961
416 1075 1509
3000 0 0
579 2421 0
125 2875 0
0 711 2281
387 0 2613
238 2762 0
0 995 2000
311 1075 1614
0 775 2223
0 675 2318
0 2997 0
0 880 2102
0 0 2988
336 1060 1604
7 1240 1753
132 2868 0
11 925 2064
28 1380 1592
60 895 2045
151 820 2029
0 2990 0
0 835 2154
69 0 2931
0 0 2981
3000 0 0
602 2398 0
7 666 2327
7 751 2242
10 895 2095
0 880 2114
609 2391 0
0 672 2312
0 2981 0
0 880 2109
0 745 2249
0 835 2151
51 940 2009
0 1045 1939
0 3000 0
101 2899 0
0 1351 1640
0 343 2638
0 2995 0
0 930 2068
737 2263 0
0 526 2467
2024 976 0
724 2276 0
0 779 2219
15 628 2357
1 775 2224
